554.778
3419.36
3967.51
905.134
1261.94
2240.87
771.424
4065.85
4080.51
3962.71
2972.31
4017.64
449.884
3268.24
1216.34
19.5884
460.542
2619.83
3597.17
2062.5
3267.52
1479.5
867.83
2790.17
1632.83
3032.95
1944.14
1728.45
711.978
1236.33
3264.86
1296.27
3572.6
610.622
4070.71
3365.69
512.623
3127.56
2008.96
2717.46
515.547
860.806
209.731
149.227
1673.75
1875.47
1996.59
3251.33
3770.98
3306.84
2890.15
11.5415
2910.33
2637.02
1867.45
3169.19
2349.53
3590.32
3309.48
72.7841
3363
3361.34
3849.6
1689.87
1732.86
2379.02
647.246
3119.29
942.489
3315.86
4048
1361.38
1227.81
55.4427
889.589
3715.66
3474.48
3910.8
3189.59
4043.65
276.803
3249.78
2434.49
3000.81
2846.98
2783.86
1606.55
2299.58
852.039
2159.59
1655.23
1444.56
2427.61
1459.23
3951.54
632.425
1617.15
1585.98
2976.88
1591.19
3798.08
1785.9
3532.67
2540.37
489.546
1932.66
1393.2
2169.7
2932.43
4047.41
2950.42
3737
2070.02
2286.11
2060.56
1893.83
2238.29
1832.86
3498.98
2474.33
2041.54
4012.8
140.529
4000.82
1487.25
2782.63
1417.83
3504.81
184.519
2703.19
3071.01
544.619
4022.77
390.479
1157.55
3284.65
317.596
2569.14
33.1446
2785.78
2186.46
1796.34
817.162
565.115
1565.65
3122.12
165.729
1035.85
2067.04
3368.57
4020.16
3372.05
1235.98
196.332
1014.94
2227.91
3635.24
1408.02
136.235
666.961
3592.81
861.186
1116.92
2016.55
914.905
2007.78
3910.49
2669.81
3101.98
1782.33
2264.05
217.66
1320.68
1658.4
3720.04
3313.42
1057.72
531.722
2020.17
1549.96
2942.13
1178.56
2552.97
3324.62
1279.72
1579.48
1408.39
3340.57
2740.72
1553.72
1877.54
1243.3
3728.76
2000.89
3094.96
442.514
1611.75
3563.41
1477.72
3755.6
2226.88
573.889
818.479
3885.85
4054.5
983.111
67.6518
1591.38
3192.83
1951.83
2211.87
75.5562
3686.25
796.459
3628.16
1806.81
605.36
980.763
3274.58
1937
367.826
2639.43
2592.4
2393.05
2975.65
1452.24
2786.27
2896.48
664.735
547.65
1840.93
172.212
3265.21
686.141
3403.82
1330.73
2685.42
1720.68
3201.92
463.523
4068.52
743.541
3124.2
1088.95
999.746
412.524
1410.02
1153.26
3966.58
875.399
2481.28
927.728
777.663
1644.44
1692.43
696.774
1224.62
2606.34
620.696
3150.05
3619.85
3928.01
73.9814
2386.76
3140.27
1342.33
528.526
1195.58
3468.91
944.98
2055.59
6.54342
51.3464
1173.57
404.173
1575.57
1455.15
2948.28
267.998
2104.25
1736.19
2824.74
1039.9
1644.22
1083.03
3825.76
1934.99
2501.7
2000.01
2106.96
1003.35
1363.66
2057.17
2440.86
1270.09
3943.47
951.679
3058.57
1320.77
1303.16
3900.37
2189.68
3570.04
3827.2
2731.83
1186.28
268.323
949.584
2885.84
798.965
1728.98
3833.15
582.379
2633.83
1935.84
1789.24
1000.49
2071.74
3713.94
313.284
2923.44
2527.45
774.3
1625.64
1137.03
3513.92
3722.1
2527.76
740.453
2109.02
3376.87
1471.43
3342
1201.42
704.822
2017.97
799.855
3539.34
836.187
2523.63
3595.62
1607.16
3876.23
682.629
3979.84
2309.44
2450.32
537.353
2320.95
2270.19
1271.46
494.057
3021.25
993.953
3369.61
759.524
1280.41
3610.67
2760.9
3027.42
256.115
538.745
368.357
34.0477
1869.41
2597.47
2169.38
2038.78
1375.09
1035.31
956.901
709.103
2440.54
2976.63
3593.66
2895.82
961.365
1957.39
74.5772
3060.32
2681.09
319.684
1935.99
4080.57
2178.94
3683.19
3165.03
834.396
3714.61
1534.86
3472.92
1337.83
1337.99
2699.47
2402.8
200.586
3153.01
2013.73
1999.11
1757.27
1616.41
3179.58
3991.62
3065.13
2598.29
295.578
2593.62
2165.93
1212.81
1332.22
2584.44
4072.5
2113.22
2966.64
1005.63
1360.93
3065.55
2796.75
2789.81
322.86
1879.34
2858.91
277.988
283.129
2158.24
1073.09
1979.42
535.648
386.735
492.963
3971.48
3096.97
1098.18
2968.49
1702.55
1943.97
227.033
2513.28
2009.09
3703.82
3829.7
3760.34
1244.16
3235.47
926.401
1838.46
2088.9
944.438
2915.15
4031.33
2683.1
1116.57
1920.62
12.2899
1828.11
3976.02
1247.6
880.872
1013.86
3302.42
1991.69
1668.72
883.002
2212.33
2960.78
1161.73
2223.02
3095.51
1359.45
3283.22
3509.71
60.9815
3623.84
2428.69
353.06
3787.37
3741.68
4016.2
3685.59
3889.08
3826.87
34.0879
3185.07
106.302
2407.36
2660.85
1344.13
454.87
508.897
3988.18
2183.57
2712.12
2900.32
281.484
843.388
1774.89
45.8336
283.63
1404.84
1278.58
4065.28
1101.82
3509.69
1456.23
3058.02
3459.69
889.183
3951.48
2916.43
4024.02
3111.79
791.401
1443.85
803.85
3407.32
3900.88
3142.38
3529.76
1865.94
1362.34
3432.67
2269.89
494.945
868.892
2011.62
1677.54
3110.2
1462.18
3160.46
4019.41
3465.03
3417.78
1503.66
207.313
3994.92
3450.4
3560.44
309.166
132.58
2514.05
3012.61
2520.59
2713.47
3895.43
1088.81
3764.88
484.834
1282
3571.31
956.771
3309
2279
3864.01
2062.67
2728.98
626.395
3985.37
2595.28
731.571
303.615
2026.92
3218.59
1902.86
3616.01
2650.98
3698.77
24.462
2840.14
2395.94
431.454
4055.36
941.817
1363.26
2823.02
3937.02
927.923
3784.77
3588.23
1767.99
1928.28
2301.81
3430.04
607.325
2617.84
4076.96
2618.32
1799.83
116.25
340.503
2171.85
3202.3
3016.56
778.709
1072.18
1851.94
1883.81
2758.54
724.623
769.167
395.113
1326.27
697.487
101.286
3401.48
1002.57
581.633
636.535
1240.83
137.479
1676.04
3206.89
1815.61
71.6142
1170.29
3895.97
701.535
385.544
1121.67
824.585
3084.01
3279.6
2400.01
2035.19
2420.04
2329.2
757.976
3692.28
100.172
1082.62
3204.4
2455.78
2277.7
395.302
3795.19
1631.41
163.403
2396.05
1692.12
530.439
2493.61
226.889
3473.77
1851.2
1986.13
276.195
905.019
2638.67
3996.03
3887.56
3015.85
1723.4
2808.08
2810.05
947.035
4073.6
1783.75
3045.83
1384.32
1486.14
4053.57
2969.2
3429.59
1629.96
3487.69
702.714
3879.58
1436.92
1576.08
1636.89
2941.71
3423.08
3893.83
262.004
2721.23
721.996
1519.07
689.598
463.565
624.788
1619.64
1623.57
114.515
1842.88
403.537
3751.09
1909.57
3067.68
2986.6
3015.18
2688.57
883.714
210.862
240.371
1725.66
3318.63
1297.37
3620.36
1675.3
825.417
104.421
272.074
2769.84
332.004
1348.94
1513.43
3263.13
722.707
379.649
244.122
1174.88
2931.96
2021.05
3706.48
1656.64
275.906
1535.73
3474.93
1493.48
583.993
1726.86
3558.4
4082.88
2185.47
1615.75
1360.63
176.215
3507.43
739.938
1364.93
1766.44
1340.95
1034.36
538.759
370.686
3899.03
1144.73
2367.56
1445.58
1297.96
3180.75
1515.89
784.137
45.1457
1606.36
3712.83
4042.92
2903.04
2612.42
2543.22
3788.26
3606.66
79.6573
2950.06
2420.46
231.413
2615.8
1214.05
1902.37
3881.79
2260.16
2061.47
546.013
2920.25
3788.29
3700.03
2605.62
1400.36
2717.66
2701.1
1107.44
2630.14
1757.79
3285.06
1360.29
2909.52
2679.27
985.483
3763.79
2472.71
1569.39
3194.61
2027.04
3624.32
1629.76
1138.16
993.146
6.10684
1617.47
827.179
3161.65
2491.63
3190.24
2045.01
1574.57
3401.84
523.985
1022.38
2060.41
525.026
4007.72
2976.53
914.819
2795.15
1837.46
2752.08
3723.85
3434.73
867.687
3894.63
3594.97
2903.64
3975.07
1731.81
3428.65
382.143
2757.68
402.828
2856.23
884.321
3185.21
330.616
1659.71
849.673
348.209
2126.05
4006.91
680.139
3761.15
1247.96
2378.74
3455.68
1589.16
24.6255
40.6217
812.337
1610.9
804.752
3420.38
3193.03
316.148
1193.36
1128.09
2545.89
3772.2
923.088
1166.24
346.575
1342.33
213.345
2501.57
2230.03
1424.67
2157.93
4094.43
3502.25
3697.64
527.458
2521.78
3400.25
4045.17
2643.81
3072.61
3101.44
2729.91
2211.41
2990.39
3193.04
2001.01
2431.44
3960.57
320.957
144.018
1524.21
319.055
3211.25
1953.81
1804.47
1153.94
2116.32
1506.39
482.766
2451.37
67.9061
1915.55
436.151
1387.1
355.823
840.122
2120.31
1952.41
144.104
3493.6
3892.76
3492.77
4014.33
3531.15
3363.25
3761.77
2449.76
3385.64
2201.5
3739.3
687.069
77.3489
3507.37
3445.44
3227.63
2987.38
3007.97
2401.57
2306.43
3784.73
2478.45
414.914
2534.86
3004.99
1191.5
1304.77
2350.09
2625.98
226.952
4012.75
3245.36
2617.44
1328.12
3983.12
2068.94
3773.31
2332.56
1827.79
3949.49
492.206
4033.26
941.726
2444.7
2335.57
3131.22
1687.89
228.848
2072.08
704.509
2166.36
2188.85
2795.59
1934.59
1354.69
1533.64
564.807
2986.85
1348.48
2704.78
261.03
3715.74
428.575
406.435
1607.37
2725.92
2029.48
1893.5
865.218
1676.91
441.132
2003.77
457.915
1468.46
1190.26
1342.36
1060.72
2232.62
285.142
71.0135
552.494
3671.33
3039.81
2472
3902.07
3743.5
992.429
3693.97
1814.63
2304.18
1437.91
150.197
2308.69
1421.74
3160.2
2580.63
3655.23
3529.86
1382.52
2718.19
2802.46
1638.33
75.3157
16.7322
1598.27
4094.76
819.264
2571.83
3765.28
3492.14
3390.01
3782.19
1129.69
2641.31
1712.48
4062.43
1927.7
2765.5
3821.99
2338.67
1795.01
1310.59
3748.82
4021.73
1145.39
80.9877
1377.14
3628.77
455.631
1277.96
2149.16
488.841
3115.79
1280.32
1183.4
1334.19
1685.74
1078.44
1991.88
928.372
3813.68
182.42
3998.66
3206.37
1844.89
876.177
422.186
2231.74
2195.28
2735.19
331.012
2648.55
596.816
1650.66
3761.01
1734.01
2630.28
2521.1
3274.55
1813.04
2867.51
3354.07
1086.65
228.114
2897.16
3278.73
3961.12
4062.45
172.963
3780.76
257.25
1562.2
523.009
1798.36
35.2275
3579.04
3632.32
2123.24
1252.16
1623.24
1648.81
921.167
2257.57
1170.74
1520.19
202.538
3333.92
2544.22
1272.78
938.152
1764.18
2966.9
3530.17
2793.25
2363.69
3284.06
684.232
2610.54
4060.52
3723.9
1940.57
2498.56
3676.55
2917.61
1742.72
2160.76
936.073
3663.31
445.475
3889.87
1630.14
114.787
1830.74
843.231
3648.09
3850.98
311.126
567.284
2104.81
3550.72
3301.68
3439.99
3753.58
3376.47
2687.04
3700.22
1140.69
3375.27
2798.1
2935.42
3197.71
2711.96
3074.56
827.767
2329.17
2656.05
2857.51
2610.65
3313.39
3232.34
2970.42
111.006
3902.94
558.423
855.506
535.321
3568.36
3640.18
26.0832
2847.49
3357.09
2679.82
1884.23
3002.12
2321.68
1817.25
2152.66
2317.38
2624.5
2440.76
3141.69
2776.85
549.609
1027.15
1356.9
751.294
2437.43
3170.76
1410.01
1209.56
3701.63
1950.59
2350.07
1116.83
650.93
2852.53
792.9
569.812
436.921
1238.61
1205.7
16.469
565.744
3046.58
706.603
2665.42
3291.6
2125.65
362.483
2855.72
3542.26
1864.68
3641.17
2178.6
1324.4
741.71
2289.66
1021.9
1545.08
419.093
4041.42
1037.38
1711.86
1788.2
2998.72
1571.83
1209.07
3475.88
518.952
1953.03
3215.03
4086.98
3253.34
111.792
3928.39
1373.84
192.55
2481.32
3988.76
2831.28
2762.01
822.324
855.424
3535.42
3544.38
2952.99
82.5886
1534.2
1282.8
2040.56
2986.01
2927.68
516.033
3278.51
1354.57
1694.08
1347.97
2520.11
1285.45
3209.84
2745.49
2200.78
2955.1
2988.46
2618.68
2605.23
417.731
469.79
2277.15
1912.21
3045.06
375.599
3263.98
2234.39
3974.07
842.771
3688.72
3010.3
3234.93
1627.69
3722.78
469.225
610.837
879.227
534.366
284.013
366.627
2443.66
3918.68
494.862
3503.56
3367.03
1932.98
2754.31
671.605
3136.54
989.317
2200.49
2960.57
841.431
2391.99
591.636
1872.34
1708.22
1621.06
1846.61
2556.48
2293.64
3205.68
1233.57
3301.9
2875.46
1407.24
84.3763
1584.79
1300.4
551.119
1783.21
3056.52
38.3763
4083.85
1152.84
3974.08
3225.09
4005.6
630.435
1588.6
3759.6
2062.7
1882.65
485.941
2455.18
3474.8
622.517
2624.03
2905.56
332.706
2951.19
13.8496
3517.72
4037.57
793.079
1377.71
2515.63
3727.31
103.339
500.68
637.99
3052.21
413.233
472.145
3845.53
2048.85
697.696
3506.94
1360.28
2158.26
1824.44
1290.86
629.15
1289.66
3492.71
1648.39
3845.54
1677.55
3149.74
1486.91
2625.97
3561.1
3797.37
1693.06
3806.83
1793.55
3311.55
1445.39
1374.08
1334.25
397.117
2949.42
26.1895
1680.53
3691.36
255.11
3663.91
1881.84
1381.56
1732.14
891.932
398.598
1016.61
1845.7
1768.19
1708.48
1807.33
627.207
41.4202
3068.21
3899.96
3723.31
303.883
2101.43
369.788
131.546
482.18
613.933
3491.91
1007.36
3740.02
3236.73
3917.12
1425.53
2813.51
2406.06
1704.65
3992.16
26.789
2314.92
3043.93
3055.1
1130.83
3828.64
3306.91
2092.48
1707.51
637.662
4066.6
1173.43
1099.22
3205.88
249.05
2907.95
2559.49
3591.92
1409.14
2938.92
1820.86
741.504
2459.92
1721.8
45.269
1206.11
2623.55
2860.2
3080.87
1818.04
3567.01
393.329
3508.51
1264.7
1958.33
2373.68
1274.33
93.0371
2216.27
3171.94
1205.59
2959.49
2285.83
3026.58
907.311
3608.07
1553.88
1337.31
2652.14
3886.17
2037.3
446.298
3917.74
3788.39
1539.65
1903.69
1582.04
3901.75
913.965
3693.92
43.7295
2730.38
3839.27
69.7145
9.06226
100.758
2478.57
418.09
1592.86
710.674
2481.4
2527.12
1118.37
1044.79
137.491
1384.07
2953.74
3904.48
441.72
3585.3
1840.88
1068.92
3109.69
3296.09
988.52
1424.13
3004.33
1115.8
3640.5
3184.05
1192.34
602.588
1876.73
2988.23
3221.01
2943.13
1131.36
67.3796
1562.28
2207.58
1387.81
3424.37
2027.19
3454.89
3729.54
2290.29
1501.97
3225.84
1277.52
2326.16
346.697
299.556
3833.57
2168.04
2706.67
2612.49
2433.67
4065.95
3379.7
2518.14
3033.1
2131.99
2950.23
503.154
2794.98
2940.03
2763.12
2728.65
1936.21
234.856
1540.14
2558.15
468.051
2185.38
2680.57
3917.66
3912.64
3673.93
3710.7
594.017
1541.12
2793.47
2183.93
2930.21
3374.24
17.442
2788.82
3035.22
3759.37
2376.07
85.5674
3428.23
2444.99
1125.18
1290.63
23.9136
1973.22
689.917
1536.06
2101.97
3996.59
687.089
3550.17
2976.8
1682.95
2785.13
1488.03
1210.28
1888.04
2826.94
622.398
311.106
2419.19
1979.05
3309.58
3955.14
425.763
2859.17
1940.84
443.291
896.274
1736.97
774.582
441.732
1579.76
342.323
2269.04
71.0027
4080.77
4091.69
2632.63
2472.82
2968.44
3176.81
807.282
414.058
933.851
1574.2
2882.31
1381.61
3874.55
3303.66
2203.32
3307.31
480.484
1227.93
1549.16
3023.81
3254.58
3233.87
1702.68
3665.03
2806.44
145.666
3577.21
2357.43
295.569
2733.79
3341.25
1845.43
3266.61
1517.34
3242.71
2489.3
63.7487
1357.71
2574.22
847.499
2176.92
38.4174
2156.09
1722.27
2056.59
3402.28
1939.54
1339.66
3498.51
3947.54
1521.5
1373.74
2046.37
2475.91
2262.36
1746.46
2104.73
2088.72
133.839
688.659
3273.52
3412.27
2627.91
592.755
355.027
3044.39
1578.05
3571.04
3369.26
794.508
1138.33
2207.21
165.258
3188.82
328.421
2711.86
1825.66
2382.97
1339.25
1151.88
110.47
1387.65
3777.74
816.761
3479.92
2499.75
3323.32
1533.33
219.993
3791.13
3616.29
136.626
3942.28
2740.06
315.022
831.621
466.828
2076.62
1524.88
2905.54
1925.6
917.101
3469.29
3370.7
1373.3
316.666
1659.85
1258.84
1853.36
1693.22
1451.42
117.659
320.046
2211.55
1547.96
682.721
2141.87
2820.12
2823.51
1195.36
1974.95
3319.21
4043.35
212.885
773.08
2458.41
1812.25
2443.98
1481.6
894.723
1766.1
2012.82
2918.62
611.021
404.573
2267.46
2010.81
1270.19
2458.58
2497.75
1785.18
1892.12
3508.76
3649.88
3830.38
543.562
552.303
2228.25
2315.53
2496.36
1775.27
1943.6
2290.35
3434.62
3949.61
3179.77
789.392
1026.84
3668.5
1231.51
3919.74
2600.55
3678.55
1560.27
3285.59
2550.3
745.743
3507.47
1401.86
739.909
656.818
3032.85
636.676
655.76
1601.75
2403.65
2610.84
260.152
1507.53
1615.08
2840.21
2932.33
2621.31
3049.15
3155.95
332.985
1786.89
2658.07
1290.03
2506.69
3760.07
3966.11
2790.36
845.166
2747.44
2662.43
2761.4
1334.58
1993.78
3208.59
3167.95
2344.76
2494.22
3875.19
1842.5
798.6
3816
3283.01
109.893
10.3866
2655.89
1808.39
2666.33
3832.04
529.222
468.101
2566.05
351.72
399.51
3317.3
2698.69
2899.53
3676.31
581.583
2418.56
3382.6
3684.4
4074.07
89.4868
2016.69
4008.91
1287.35
2258.97
2396.8
1590.63
2787.24
2122.36
954.891
1798.08
2478.35
2171.76
3121.73
3387.53
110.164
431.011
3179.44
87.95
3022.45
908.925
2012.09
1141.01
3150.55
2861.68
4039.91
1632.96
3455.38
2021.87
3223.08
2296.89
3825.98
3755.99
3144.25
978.413
2979.9
1224.81
3458.11
79.6496
578.63
2135.56
2914.9
1459.45
153.728
1044.64
238.543
2310.98
2900.47
580.723
1130.64
2493.2
1166.13
2121.87
629.702
3389.37
2210.56
2690.66
1067.43
3386.44
3353.03
891.33
3172.28
97.1335
1391.56
1088.17
1167.66
2428.75
1450.23
887.273
2745.88
255.696
1518.08
1525.04
4004.63
3085.42
3035.95
4020.89
3608.7
1410.25
1635.69
1505.58
144.296
2380.19
1847.4
3079.32
275.956
3053.3
1171.86
1009.29
2090.76
2524.93
336.377
3075.14
3112.02
1172.92
785.966
3772.11
721.969
2881.98
1124.91
2810.8
4057.2
3418.42
2478.84
332.809
3191.25
3652.2
1507.99
351.261
3785.52
2610.19
3447.74
1332.58
1222.83
1912.35
1070.68
4069.74
2687.57
3936.28
3680.81
1429.71
560.253
186.58
2217.5
556.087
1911.28
2564.01
3436.71
3747
1630.4
2899.66
3757.28
509.659
3760.33
783.696
1334.1
2541.12
2944.62
3751.46
1027.05
1321.5
1531.31
911.635
1724.23
2016.11
1967.69
2336.85
3403.2
913.931
2839.03
3322.09
3373.76
527.294
626.441
1748.12
1315.85
1801.57
3461.72
1636.28
1132.92
1852.77
1216.73
2471.77
4010.19
1011.62
386.92
2176.37
2666.16
1087.48
410.503
3883
1159.36
2480.37
492.784
4068.52
1442.91
2866.48
2792.94
2657.56
2180.06
1176.23
2.57208
1190.23
2541.69
2463.39
2107.16
2671.05
4064.29
2269.97
1354.66
2690.45
3088.15
442.311
654.358
3338.27
2430.63
144.599
226.589
1330.83
3166.78
1275.85
2672.34
3214.49
3999.42
2130.38
290.215
3501.61
1412.5
1150.38
2242.44
1451.77
2458.89
811.857
1466.53
880.787
1220.57
1419.23
313.42
752.738
1471.27
1955.42
3027.76
3385.81
1275.57
3228.98
3924.67
228.799
330.614
463.89
2343.44
2152.09
3903.65
870.908
2964.56
2989.36
344.206
1026.86
1814
2803.82
3681.95
6.20326
3037.62
3976.12
915.518
3941.43
3842.11
1046.47
3330.13
951.493
3559.98
3433.53
3138.62
4008.92
1107.92
2806.06
632.588
3144.33
369.889
3650.88
3208.56
2234.69
661.065
469.601
508.181
2247.02
2035.17
2893.15
2256.68
1966.67
2242.35
399.674
1342.44
3906.47
2054.73
4075.04
2842.44
130.899
274.087
2191.51
455.854
690.038
3535.11
1697.51
1876.86
3423.58
79.464
3597.78
3153.74
1796.87
1284.74
1453.95
2029.68
3192.04
2482.73
2913.07
437.007
2463.41
3922.03
1165.49
1224.18
3372.27
2005.14
4058.32
1560.33
1755.7
280.02
74.0945
3598
3612.89
3962.67
863.048
2198.34
2463.37
4009.84
664.515
3282.51
2874.52
3222.47
3905.72
2028.59
2577.4
4017.31
3053.44
2340.26
2294.8
1034.32
3771.62
261.526
252.125
3156.17
3673.79
3428.66
750.769
1141.78
1827.61
2488.88
101.708
4053.39
3562.2
925.619
3568.32
3573.18
2203.77
1936.96
1511.16
3158.14
3474.6
3770.73
2781.67
210.575
2139.8
2519.06
3924.17
1299.67
1134.25
1681.99
3159.42
3891.05
2268.41
324.359
3246.33
2787.98
2253.09
1793.53
2527.81
484.999
2051.13
1189.6
1982.41
3401.84
1501.12
2612.36
2470.8
1709.78
2381.53
2952.6
3460.55
3867.51
550.391
287.901
2731.64
1740.47
1888.88
179.369
951.348
3551.86
3783.3
1520.89
2517.59
1349.87
3766.31
926.433
560.816
1330.76
3119.46
1964.61
135.057
413.763
1526.88
2166.14
2943.31
2793.9
2436.62
219.562
3285.74
1049.08
413.936
3389.85
1335.68
543.684
1583.06
1267.45
2977.3
3681.25
2612.37
732.483
118.313
2841.04
1349.16
1362.04
4015.58
1456
3503.56
3489.96
110.121
3642.82
878.378
3410.85
2547.24
660.92
2457.99
2365.69
2872.04
3677.15
201.499
3383.62
2454.24
1907.34
3026.06
3215.2
2468.1
3982.74
858.997
2451.31
153.867
1641.49
491.697
946.736
1191.9
3367.21
1494.02
886.711
2606.62
1282.74
1681.59
3013.79
3486.79
307.644
69.0856
2761.54
3829.07
1508.95
3734.4
2516.02
1884.83
2233.72
723.485
3931.56
3559.99
342.329
3114.81
3829.72
404.401
2452.95
1643.76
4090.15
2362.75
1243.79
759.113
711.081
929.254
3049.65
1259.41
3321.84
3180.13
2847.71
3506.27
3115.07
640.675
3705.92
201.884
2720.73
1213.15
2832.93
2306.65
381.818
3379.71
1078.49
929.605
1230.27
1256.15
264.008
1673.87
1521.2
3840.24
2359.09
971.134
2007.74
1066.2
696.132
904.968
3514.22
3431.97
469.905
1850.35
1947.07
3313.63
940.772
1238.51
1563.39
946.95
872.108
1454.79
922.449
2746
3307.26
2042.79
76.1135
2388.52
3432.04
16.451
2647.5
3590
1613.71
933.538
445.337
1570.57
990.666
3077.87
3789.37
862.611
3734.97
624.044
3908.9
1066.59
2938.74
400.722
2482.74
1405.58
391.111
2428.06
1599.28
3734.1
2731.29
737.846
3530.39
3406.35
4057.49
2984.83
3692.91
3546.74
1311.38
542.176
3719.48
3576.8
1224.31
3550.02
2258.28
808.574
1858.5
3064.47
3374.56
1223.62
757.197
2517.62
2147.78
338.63
3729.46
555.597
676.653
2654.66
2386.47
237.143
4044.19
3847.82
48.6355
2676.47
3773.93
177.864
527.443
691.533
3770.9
3359.68
3580.16
2278.59
198.867
2435.06
1232.91
1760.15
3245.75
3066.34
434.785
1042.35
755.286
2100.29
960.334
1683
1451.35
1832.19
3256.45
1056.41
3166.45
3285.37
3870.13
2702.42
3466.94
3434.97
1346.83
1961.29
1378.49
1945.76
2672.44
688.561
1110.57
1774.46
3253.49
2743.15
2164.47
1632.63
3511.47
2120.6
3291.24
417.216
2674.33
3633.33
2459.15
2720.18
539.294
2178.75
2446.36
2915.39
936.003
2486.98
1262.52
604.044
1774.08
2306.21
1019.6
1468.87
362.105
3455.06
2469.43
79.1551
866.421
539.896
2440.28
1086.61
3939.82
3225.64
892.096
1665.32
213.432
1803.04
1544.81
3786.43
4057.21
3554.14
273.425
2414.23
2832.36
1615.35
3263.59
1888.86
776.754
1731.74
3717.81
1486.08
3932.08
2613.78
832.366
3294.2
289.655
3616.56
930.467
1874.65
3332.59
3030.03
827.022
656.968
2235.13
884.914
1751.38
284.769
2401.72
1949.14
2433.44
2152.82
3938.43
3869.1
3752.22
2620.83
1785.23
1305.55
3093.03
2557.74
826.299
1589.53
382.791
2125.03
3937.03
2844.69
1654.78
3264.34
2891.49
3173
3519.31
931.151
3982.07
33.3514
2430.58
3693.97
1025.76
1245.76
2816.65
279.278
20.0128
2586.67
2412.66
592.774
3256.46
526.403
140.905
151.12
3567.25
1876.73
374.853
299.896
117.76
4070.05
1274.53
2572.22
1061.61
1582.93
2326.84
4067.13
2430.88
1061.72
1055.28
3461.37
55.6917
1472.3
497.099
3665.4
934.451
2426.72
2050.66
678.154
801.515
3911.9
1598.06
2180.19
2644.94
2408.32
630.288
3569.33
1796.87
2399.97
1905.32
23.3369
352.827
3918.73
2655.21
983.708
2196.25
2273.23
474.895
3960.83
2437.82
1371.41
650.514
2286.51
2182.69
3165.61
1461.53
4029.13
1703.01
266.876
2472.01
468.475
723.069
391.816
1717.54
2012.02
3824.61
2860.45
302.092
2954.83
3483.89
2270.11
2882.31
4081.42
209.399
460.946
2260.69
3321.53
2683.24
920.393
846.992
1067.51
3902.71
3813.7
606.259
4024.77
3163.98
3819.4
872.141
2748.35
877.876
891.955
1347.77
2875.86
2958.52
930.245
3447.94
2023.77
230.179
239.523
2673.64
1040.79
3679.15
3982.17
2133.77
2413.09
3167.29
3982.83
3735.52
2087.65
1140.79
313.306
1843.22
2622.72
3981.66
3813.01
909.563
2637.5
2992.63
3861.73
3753.49
76.1653
2615.03
1602.29
3579.94
404.285
3334.11
1346.55
2556.77
2443.34
1610.26
3374.42
2746.38
3930.9
3727.91
3241.51
2719.43
3310.24
867.563
1900.24
3136.66
524.016
554.323
1403.2
2174.99
1283.1
292.181
3548.21
829.462
991.5
2479.23
1999.37
3217.95
1889.62
402.805
968.319
2879.35
1935.76
307.545
3004.58
801.815
3842.37
3510.84
3543.87
797.764
1661.08
3377.71
3644.89
3358.69
3166.27
685.182
4036.12
2477.47
3066.33
2360.96
688.475
1259.22
3152.49
3867.04
2365.18
2451.43
140.851
1379.72
1016.48
3732.57
75.4942
150.836
3069.05
2768.87
882.68
2676.07
2146.29
3988.56
3870.56
3617.85
1732.32
1099.53
1564.37
658.334
1205.71
1767.26
3385.25
3231.8
1767.1
3707.69
1899.18
1876.05
1808.25
2337.12
3772.12
2559.93
170.322
3652.26
505.31
110.73
135.412
1160.11
2618.78
2589.45
2008.44
1318.52
3458.86
804.244
1037.69
2437.52
2076.17
1484.67
3557.51
1559.16
933.086
2441.72
1726.04
1836.42
1060.08
3999.95
3785.63
234.197
2114.72
1705.4
596.536
1690.8
3321.31
2184.38
426.969
1440.86
661.968
3336.63
1877.24
1902.28
140.589
3032.21
1139.2
1390.47
1489.22
3436.55
2376.61
3781.74
3955.16
3054.66
2578.72
188.819
285.831
2489.31
197.671
401.46
3924.91
1632.19
942.826
2210.15
327.438
3654.47
671.7
3068.66
944.911
69.4771
4054.62
703.132
151.614
1757.11
1879.48
2314.48
1868.03
1745.58
964.896
1319.3
4021
105.374
126.662
2407.76
1410.78
1906.05
801.741
3739.21
1811.75
408.079
2534.46
2772.3
1929.02
1539.45
1045.09
3471.35
1591.78
1852.49
2597.99
1940.31
2330.23
445.728
2571.14
2302.96
3955.25
8.31292
540.972
858.366
3850.18
3098.8
4042.43
3064.11
2207.08
3459.02
286.824
3857.96
1110.79
58.5866
280.328
762.809
820.629
3589.23
2413.95
1858.38
3749.89
800.623
3877.84
3650.83
3835.27
3063.79
1035.37
3754.21
2233.06
2080.44
3225.46
799.22
2996.42
3469.07
2687.17
2575.56
3353.57
4010.37
3709.71
3184.79
896.727
1841.12
2984.86
3432.83
582.479
3968.21
3825.22
922.241
3736.79
1495.18
8.75803
3790.53
1872.88
3167.37
2972.97
3767.05
1922.05
2447.37
901.622
2164.2
409.301
2530.69
731.755
3642.38
3139.47
3274.08
1525.36
1343.45
791.255
18.1263
1006.67
3784.76
1465.62
1639.06
2134.03
3798.36
3211.02
580.772
791.149
2005.81
327.847
3175.18
1118.82
2541.65
2637.77
737.789
1464.57
2230.44
679.326
658.144
1087.17
2794.17
836.891
3595.64
3557.61
257.205
50.6905
2934.19
2024.45
1867.22
1148.45
834.17
642.009
3620.89
1265.06
4084.98
3061.68
3084.59
1905.3
3381.54
827.649
3666.08
2698.83
844.119
2631.11
828.443
327.43
3787.21
2329.41
1159.76
2321.55
3260.12
1710.92
3093.44
2100.86
1870.29
2706.54
361.318
2904.98
2651.93
901.112
3328.07
3358.55
3240.98
748.361
3491.42
2714.39
299.212
1170.03
870.955
4071.99
1133.74
3753.31
520.168
81.8217
1851.75
1921.15
2937.92
1408.1
350.109
1418.1
306.427
3711.77
648.509
3505.3
3595.19
3495.24
3694.47
3562.84
3684.31
2990.53
3403.64
4066.02
3715.84
3554.55
1598
2598.94
1453.09
3527.86
1356.89
3795.13
1228.17
3989.23
2714.62
3174.18
808.388
200.045
606.598
3564.41
515.049
2215.31
1048.06
1901.93
563.722
826.592
889.011
1685.89
2979.25
73.8843
3586.1
3398.46
1981.11
1894.52
2943.83
2335.69
3610.92
677.206
2949.58
3981.74
2234.95
469.549
2171.12
85.1212
3828.59
3535.48
4011.16
2503.17
1226.3
640.464
614.045
3035.86
706.042
252.918
11.4267
3518.03
3261.7
279.544
2236.03
3636.56
1307.99
3848.61
1033.07
950.382
1944.04
383.163
908.33
2535.19
3864.1
2124.69
307.327
2941.94
1528.79
497.6
2855.96
1654.41
1090.11
503.498
3770.9
3963.95
1895.28
2118.9
1823.51
85.3566
485.542
498.807
3028.97
4019.21
4062.39
3159.61
2511.7
3877.18
3865.96
203.457
1332.72
728.86
2627.59
3829.74
2812.96
738.329
2542.23
67.761
3433.47
855.758
2802.51
2285.9
3735.72
652.851
3864.83
3807.18
3727.35
1570.5
3286.19
868.173
3885.49
689.259
1520.16
1021.42
3930.31
1558.84
1299.42
3746.99
59.4598
129.212
341.253
3743.44
1399.16
938.22
2648.55
1480.45
108.965
3100.64
667.471
757.186
541.436
3533.51
1130.96
430.888
2971.14
3259.67
2950.77
3293.18
1749.35
2095.81
383.573
1610.63
2973.94
3151.22
1062.07
2908.39
2052.82
1807.87
1182.9
3697.99
1952.77
2105.08
1877.16
2848.53
3905.98
2496
2378.97
2356.42
2164.15
2924.7
550.075
701.34
511.099
3193.19
3698.19
3371.52
1378.16
1763.73
1644.7
4016.61
1927.61
2264.23
295.706
2093.77
3716.04
1444.8
3711.81
3702.43
95.2911
634.104
1981.36
3546.22
751.793
1398.11
1989.44
3514.17
4038.73
3299.84
922.689
2673.06
1867.71
3326.21
2235.52
2949.1
613.677
1346.76
284.696
1956.58
1629.11
934.75
1383.34
2322.99
855.539
2184.87
2171.2
1546.56
1010.4
1964.67
870.06
4071.43
2115.49
193.832
591.355
605.082
3569.25
3206.14
2863.89
2695.21
114.334
743.669
1578.52
3321.69
12.8297
2201.18
3886.2
2982.84
3636.08
1480.62
3720.43
3509.72
1505.42
4049.06
2916.39
2490.43
1296.43
1684.87
2206.83
2670.23
1768.14
3638.78
2377.95
468.072
156.491
2700.05
2406.56
1695.83
3715.8
1141.08
960.306
1404.81
2024.12
353.487
2564.5
2268.03
2528.86
3051.14
1100.41
2908.44
2942.44
2892.01
479.447
3271.6
3271.49
3348.34
2525.48
3296.55
300.793
103.429
3593.65
1569.75
2549.73
2605.51
3140.93
1337.61
3139.84
1675.82
2820.5
2861.11
1051.08
1610.83
2170.57
2276.71
3559.76
2000.3
3259.05
2513.08
1988.26
1724.99
1208.64
2160.38
1800.86
4071.06
2074.35
3552.32
2639.54
983.246
2240.49
2289.15
3351.38
3325.49
2602.78
1894.26
394.634
1871.31
3669.29
873.685
673.687
2157.21
2305.89
2013.39
319.944
7.13183
3668.88
3823.34
292.822
627.713
2983.76
615.625
2457.44
768.018
1370.83
2690.12
2362.31
3402.31
262.323
3788.46
2168.04
3802.62
551.318
2206.88
1909.66
1640.9
3616.69
1373.34
2748.13
2464.9
157.661
2683.46
2718.16
391.702
2811.89
1096.66
3232.02
870.477
1710.11
1184.77
3997.77
3159.15
4046.6
2333.59
2906.4
2038.64
3117.2
802.417
1513.27
4047.8
2069.34
272.641
3165.83
1420.41
3085.35
2418.73
2523.63
2893.01
725.785
2709.3
393.317
1003.77
2162.45
1398.52
3524.95
356.255
3543.95
2216.74
64.4504
169.462
368.703
3371.88
2232.1
1562.2
3279.19
915.217
2060.08
858.386
3244.63
1029.22
1449.15
251.461
921.388
468.528
1293.98
4088.49
2996.27
604.119
1221.89
1151.02
2433.58
2263.55
1488.78
3703.14
2899.33
2794.7
855.979
2292.15
1281.41
2972.15
945.567
3910.44
2716.28
57.7519
1291.46
1521.5
2217.1
2957.1
3199.18
603.314
3211.08
885.167
3819.58
3637.1
2559.51
12.3151
2776.87
3904.5
3108.76
732.696
646.939
139.163
2712.23
437.491
1577.3
3694.82
3404.58
3478.92
234.373
2616.26
743.56
3873.34
1982.93
869.748
254.255
1905.6
463.48
2133.07
3060.05
370.079
790.5
315.005
733.259
3345.08
3716.72
1760.12
3175.2
1234.17
453.332
2904.93
573.357
3722.81
2786.61
644.515
2053.09
1108.06
1071.34
1624.77
4077.3
3670.24
1465.39
2938.67
3787.66
216.623
1315.11
1244.72
1357.47
2310.8
3662.32
705.253
890.77
2413.86
2067.29
1563.92
2806.69
2116.86
3170.8
1401.17
1490.81
2986.79
3103.29
593.41
1876.69
756.662
3505.89
2240.48
93.3551
52.6689
3838.45
2971.43
1514.79
1759.52
561.494
1404.88
1055.94
2126.98
1318.27
1661.49
741.123
1772.58
1527.17
2104.35
1158.55
1626.87
3324.04
3342.4
613.379
1084.95
240.482
1881.89
186.753
3400.73
967.56
1120.13
3849.31
3391.52
2344.75
2494.01
2242.92
401.586
1564.78
1315.02
531.793
1894.92
3103.86
1860.79
2824.95
1746.24
3273.54
1173.78
1318.66
1200.2
3945.04
405.789
3898.22
470.95
75.8116
3946.85
3447.21
3304.27
2804.52
1457.91
1004.95
1494.16
3246.11
2428.99
1187.85
3450.24
3248.63
1932.17
2296.84
2783.69
2.74569
2301.38
2725.37
3482.76
3616.61
1073.61
34.4148
689.067
404.26
31.7447
2575.26
2134.56
1325.33
2836.29
236.697
946.931
1013.74
2069.42
2906.15
193.729
122.02
2324.83
1976.84
1955.23
3683.22
1625.21
647.006
369.879
3270.8
2882.08
1241.04
3968.97
1825.93
2468.62
1449.29
0.0497223
249.068
2425.88
2462.12
2179.19
1735.32
1940.86
961.837
3050.73
3513.49
2610.91
681.619
1798.42
2122.48
1303.31
2379.43
3042.86
320.505
952.867
3758.32
906.751
2161.5
2768.14
303.679
536.917
3792.33
3132.47
783.7
484.036
2149.58
1267.38
1196.12
1644.96
2865.27
2648.26
3500.67
2414.09
245.891
1579.34
2214.99
561.562
3421.13
1711.5
1792.56
3865.9
1526.66
43.9071
2899.55
2669.34
3448.15
3483.66
2590.15
1368.3
576.391
2503.9
1580.51
1686.04
737.951
3113.81
2488.44
166.249
1163.67
2933.75
1479.88
2883.37
1302.05
85.795
2253.01
3878.76
1629.63
591.453
2101.86
2013.87
1371.55
1519.66
654.13
724.022
1314
1125.87
3701.56
1567.85
1482.3
733.718
3414.78
1434.71
3371.38
3060.14
32.5113
2553.11
1976.94
524.636
909.181
2347.18
1301.49
133.732
463.38
2297.82
2370.32
3325.96
2981.8
2159.39
2393.92
2578.61
3416.54
1316.41
752.118
266.542
3579.3
1612.4
239.183
116.423
3816.86
3550.63
3235.73
519.59
825.428
3489.65
1572.61
3426.9
4004.46
1251.17
1541.81
2828.07
4014.99
4068.93
1617.14
873.145
1423.46
3524.51
3894.05
291.562
2968.97
3603.15
1785.52
2128.58
1657.61
1752.27
3432.14
2075.52
3498.07
1240
2349.35
1423.89
2153.99
2185.26
2521.31
3120.72
1507.05
1240.14
1072.26
3241.58
2637.6
2939.79
3135.23
1825.17
838.766
259.912
105.237
2888.38
2684.36
2326.21
1058.99
1668.13
619.309
178.359
652.517
1686.83
479.918
1676.6
4000
3889.75
1618.35
3680.86
3772.59
3296.11
504.016
3420.44
985.031
3054.73
1043.5
847.328
361.495
829.176
1445.15
2438.51
343.488
2253.85
17.7028
1279.06
2674.16
250.899
2639.53
1086.17
2581.67
1761.28
8.05505
1962.45
3062.67
3053.66
1256.01
3097.9
631.211
558.87
2265.61
2301.18
447.359
1805.89
3848.88
1327.8
322.42
2893.2
240.954
3094.67
853.075
3960.31
806.312
3005.36
3418.31
3880.34
3891.56
2085.13
3397.85
2976.37
3247.3
1061.01
2821.99
970.968
1974.51
3987.99
1442.38
2811.69
4060.1
196.49
2858.2
2124.85
3642.52
3990.83
1062.43
2930.76
3763.62
2900.83
2737.4
2838.36
3618.61
1823.99
718.902
4065.23
50.6209
131.914
2463.36
3109.83
2390.49
3603.85
4031.6
3197.81
370.08
103.876
862.682
2081.82
3225.96
1444.33
3857
524.881
62.5006
1440.92
2703.17
2105.92
2808.5
3849.9
1472.12
754.373
3629.8
523.978
2365.98
3980.88
2199.01
317.156
1514.21
2384.94
3146.18
394.289
3634.56
1635.55
3676.44
2421.34
198.917
427.254
3984.62
629.41
1080.89
1724.03
2448.79
2472.72
693.936
360.084
769.251
2602.33
3807.35
339.573
552.086
373.723
2487.19
694.183
3428.66
2445.31
2976.23
2989.62
2093.04
1291.17
3463.72
19.1989
2460.78
1765.55
3792.39
1575.84
2873.69
3676.87
3864.38
2981.25
1306.9
1968.73
89.4808
1046.58
1230.58
3408.77
3181.77
2507.69
2761.77
3333.44
3164.87
2758.42
3074.55
3975.52
1004.41
2017.29
3086.26
2923.05
2460.41
463.812
1109.29
813.079
1107.43
1562.46
2092.28
3625.56
3730.66
2568.44
190.053
2490.51
3884.72
4032.12
2454.13
750.196
127.51
314.92
3497.64
3314.81
3576.17
3702.4
1947.49
864.91
1122.32
3674.42
2967.47
1843.53
2579.38
1222.03
1135.97
1952.97
1454.39
934.056
2774.78
3403.66
974.815
1853.28
587.804
2716.15
2587.13
1603.51
882.039
2521.29
2117.94
917.167
1263.3
1981.63
2545.04
2875.15
3599.16
194.15
1149.47
2715.92
154.004
2565.17
1059.31
159.546
2608.53
350.955
250.931
3367.42
2698.18
2091.5
3205.77
1368.96
2606.66
393.221
2915.71
125.521
226.669
1432.45
3470.49
3554.67
3969.46
1191.86
3929.36
470.32
1177.34
2445.08
3356.3
2451.57
425.366
2930.09
674.492
2750.09
2361.94
2553.11
3940.52
1946.43
2711.24
1174.43
3373.46
3669.89
2764.22
1478.47
864.358
3221.92
3934.04
3533.86
1102.01
4013.18
4045.13
2368.96
907.963
1862.15
1473.33
3930.62
4044.93
1999.18
2313.95
3456.13
1856.71
1471.18
246.77
973.892
3489.74
2649.12
784.351
389.768
2437.54
3231.41
3146.45
2443.51
3016.86
1696.34
2860.1
755.533
322.225
3502.32
3085.86
3185.84
282.178
357.606
3584.93
3774.74
2997.4
109.007
2935.37
2005.74
1656.57
3459
1700.59
2512.77
2941.15
84.4198
2744.19
1034.74
704.505
586.152
2452.68
3271.07
467.03
3105.32
439.664
4.54978
2605.1
2743.45
3708.56
597.411
3302.58
2001.6
870.419
2356.19
2556.72
3478.67
3650.82
3992.04
1807.63
2414.76
1838.57
2276.04
822.178
774.727
2226.14
3503.43
2624.3
2996.48
2068.41
1069.38
2710.5
396.812
1117.55
2379.02
3841.06
1485.69
735.315
584.299
159.444
2465.25
786.659
521.493
1938.44
170.024
1449.08
2892.38
1753.36
566.589
2277.36
3536.05
387.929
2438.88
956.701
439.519
2263.02
1594.64
216.678
1390.88
2977.38
3971.46
296.05
3284.37
3919.22
227.449
2654.87
3233.01
961.833
3785.41
2869.83
2059.87
880.142
1284.08
2237.2
513.627
2983.9
3333.72
2153.86
1759.25
566.744
633.419
815.192
3357.96
1188.78
2604.66
1792.14
1279.62
84.8023
2522.01
3120.05
1779.55
2453.16
2183.46
1404.78
3916.66
177.563
2557.92
3270.32
2425.49
3984.53
1846.05
387.272
566.327
1419.93
3963.64
2610.37
458.206
1782.49
759.525
3904.12
3241.54
2636.81
1258.61
2053.75
312.677
80.4939
2145.36
653.83
215.704
2041.55
3136.26
1488.74
1322.35
74.7203
3878.06
598.552
4017.38
3212.45
3519.87
2604.5
474.734
3241.16
188.72
2361.97
3283.12
3667.3
2019.84
1633.28
2209.91
1698.79
2084.69
3399.39
3728.97
2351.97
370.443
2481.68
701.798
165.327
3857.82
3515.02
3978.67
538.003
623.398
2563.52
2896.19
1360.52
2073.12
809.747
2936.87
186.998
880.099
462.552
1092.68
1103.7
1397.23
300.663
543.629
321.017
515.914
2140.29
562.955
3295.63
1920.07
3571.75
3847.45
2145.66
271.395
44.8654
3941.95
1106.66
1318.05
765.698
1403.25
324.297
3190.68
3965.4
207.775
2136.29
3896.76
1727.66
3215.11
74.9237
3077.93
1596.6
3257.07
3598.17
666.842
239.378
3245.77
1231.05
2695.61
374.42
543.968
3825.84
1168.75
293.186
2444.27
2644.52
323.937
811.714
3279.09
2880.95
124.055
2539.79
3916.89
3646.35
981.983
2721.27
2067.94
1924.05
1577.74
161.781
1091.22
1076.98
765.884
2665.69
4076.51
1627.46
97.2444
1072.51
2255.04
2080.44
2062.17
3568.99
1510.25
27.1251
552.011
315.821
2790.98
955.514
830.673
2681.63
3323.87
3331.57
2847.29
2200.11
354.641
3220.18
538.376
27.699
1384.3
1474.51
1872.17
3958.9
793.626
846.489
1204.67
3765.17
698.703
2362.11
2982.33
108.577
383.787
483.349
733.356
1703.41
2035.99
2669.59
1101.03
4076.76
1906.08
1984
1418.4
770.745
1816.35
4044.25
1804.29
1058.83
1860.77
2868.12
1909.45
556.705
2296.92
2166.91
3197.13
2080.65
3015.43
3111.23
1630.66
2781.7
2107.53
2494.35
584.842
2488.73
1393.62
1795.95
996.525
3476.95
3534.76
438.41
633.122
571.473
1513.62
2506.37
2388.22
3710.25
2355.12
3082.01
3550.22
3906.96
3199.95
1230.62
3062.7
3226.89
2215.7
935.215
3113.3
2980.13
3229.13
619.758
1567.55
138.093
360.08
990.062
1370.44
2974.52
2275.57
1347.95
27.5027
2217.28
2080.04
2125.17
420.749
2539.07
1514.88
2743.4
734.39
2612.69
3780.28
118.892
1157.13
2857.71
2976.73
3943.66
1856.89
2079.55
2804.27
3980.23
2767.17
1552.21
1954.22
3885.12
1325.1
1097.81
3293.18
1408.87
3639.83
3213.33
235.467
2756.49
233.537
2232.83
3006.18
776.065
3385.35
1284.32
1791.21
4004.79
204.516
491.151
2633.3
62.9
2388.03
764.641
2392.33
3626.91
297.387
3408.73
4045.68
219.111
1367.54
551.681
2535.66
2678.08
2967.67
1189.81
2468.95
3024.45
2184.1
454.56
3110.24
522.979
1175.64
85.5211
1800.39
370.784
1815.92
1859.38
3558.8
2689.17
499.882
2158.3
3205.4
3283.98
132.787
3757.24
304.297
1392.79
2942.44
1100.24
1322.28
3984.43
56.4168
1118.18
1403.71
3390.46
3507.96
2295.26
1292.73
1539.1
893.255
1609.93
3753.28
3717
2189.63
3940.02
50.9669
3433.22
2327.72
165.728
3374.03
532.01
2863.32
524.051
735.342
4038.35
131.226
3048.46
3475.67
4080
3676.66
2457.96
2737.32
4000.67
530.665
3522.41
3528.09
612.379
2904.23
1900.02
683.635
342.84
1787.67
15.8536
1129.74
851.804
1375.92
3178.79
2877.67
783.976
1165.47
3457.88
1572.83
3206.27
4042.78
1737.31
4036.11
1537.46
1201.21
1289.94
2233.56
2602.35
999.953
975.82
2755.85
1194.89
1033.12
779.004
3305.77
2632.51
2406.58
241.725
4081.48
2370.33
2717.95
1845.4
1996.04
4065.32
2815.67
1906.16
2838.08
3631.57
3963.64
2827.14
501.571
2223.1
178.715
2474.08
1378.87
1518.94
664.712
2431.95
1127.02
969.678
1569.28
1902.18
1467.17
1940.95
908.052
3929.49
1757.35
1689.52
1209.28
1765.38
3818.84
2448.69
3875.33
1215.04
2431.86
1713.74
3278.65
3006.43
1679.5
763.48
755.938
2567.95
2982.02
2895.84
3273.22
2219.76
355.201
1996.65
1724.6
2054.59
1423.5
3044.61
1536.47
1728.3
3908.88
3248.37
1936.34
2052.61
1508.29
2211.37
1623.51
1754.6
1482.08
3954.52
772.339
3230.21
3623.95
2906.24
3314.58
2703.71
880.666
863.258
1527.55
1470.32
2211.13
3575.1
538.254
3536.19
505.414
2521.3
1685.05
1888.31
2255.35
3448.17
134.478
282.568
2144.61
1958.14
2401.08
3112.77
3804.78
1325.46
2213.76
1814.66
513.235
1973.24
2087.53
87.7635
2661.13
1434.4
434.197
2198.52
877.269
2740.61
2037.39
3635.52
1603.81
1909.5
703.98
419.748
1869.86
3801.08
3991
23.6204
1143.07
486.731
2823.96
188.541
3773.6
3537.73
3477.69
1894.76
1719.29
1319.53
2292.54
235.004
2358.92
2550.1
266.064
777.11
521.403
2997.47
2071.89
786.767
2060.34
3294.52
2011.07
1638.05
2855.22
196.917
1076.9
3119.89
509.496
1737.6
1855.78
3755.79
2461.03
699.546
3822.37
2499.76
2187.86
76.1535
2697.72
1142.52
1199.64
4046.59
2298.24
174.406
2184.47
1775.83
1991.86
2256.12
737.17
3901.22
447.21
1718.57
3188.24
2334.32
3168.03
1654.08
3779.14
2143.96
2323.92
1017.68
2912.86
541.917
702.451
1490.23
2347.81
2685.67
3779.95
3564.72
2542.77
3034.07
1610.88
3467.85
2391.04
3154.24
126.479
3418.75
2171.58
2076.05
1956
237.428
1074.01
876.007
91.2963
991.317
922.47
279.239
3467.93
3532.92
3080.34
1012.81
979.616
758.572
3767.1
1764.48
612.925
239.207
1218.76
2243.32
3607.67
975.642
486.54
3735.96
3033.86
1757.06
513.119
14.4727
1478.83
2369.37
1209.86
2885.45
3444.79
41.5101
2078.34
531.769
3541.67
3598.12
3900.26
727.222
495.536
2769.96
1646.06
44.7975
1462.21
3849.36
3954.49
2959.07
783.142
2683.37
3812.57
481.476
2310.01
3771.46
230.31
1413.35
2515.65
2988.92
787.542
3971.78
1926.59
3258.55
1025.95
485.031
977.92
2614.07
998.673
133.919
2408.17
1780.02
2740.08
2288
1025.47
443.919
2887.39
2580.87
1914.67
2761.65
2966.28
2514.34
464.091
2134.75
2582.67
1178.58
278.475
2698.9
381.706
1229.66
2180.29
1527.19
3877.23
867.678
3342.29
1601.96
1001.48
1197.18
1643.72
2060.12
897.072
2477.78
3434.24
732.355
1560.36
580.5
3631.98
1405.27
341.129
3571.22
868.855
1471.29
233.806
3071.75
106.421
3924.72
3109.95
15.6888
2567.65
3815.9
1299
2022.51
100.795
2955.12
1926.29
3009.63
2308.76
3555.69
4091.71
3759.71
3194.12
1789.74
167.12
3716.27
4006.99
728.217
2553.68
2523.03
946.728
3644.47
2733.24
2099.99
474.004
1059.82
751.166
102.098
679.595
2332.29
2117.46
1883.27
2908.89
1862.19
3847.93
872.687
543.694
3533.73
811.98
3642.97
124.485
2075.99
2598.14
2454.5
286.576
608.286
3667.44
3904.32
374.157
3791.92
2345.69
864.826
414.931
463.803
3484.48
3725.96
3136.87
1524.67
620.508
2089.16
3252.92
753.696
1807.1
700.87
3416.35
1967.3
2020.87
2906.96
454.69
3803.06
2658.55
2782.99
2055.18
3187.78
1904.19
544.281
3318.15
2705.22
2631.3
2331.54
3265.94
1067.82
1488.95
403.969
38.6717
1304.07
3231.74
2179.03
2689.69
2927.5
2515.24
1250.19
229.219
2656.49
1230.86
659.09
2716.37
2467.53
474.77
4017.04
2182.33
426.842
661.632
3920.08
2517.2
3498.97
2954.8
2781.69
3687.01
200.456
1704.48
2493.39
2378.84
3337.52
3800.49
3401.11
3329.37
3132.1
3876.35
2385.89
635.764
1754.26
2752.88
3336.23
2180.16
652.433
1847.88
3931.67
239.683
2352.13
2498.43
2786.14
2759.92
1111.68
1462.28
3809.36
2243.8
2768.31
667.217
2737.19
1645.97
3024.15
911.234
257.975
801.491
2746.72
28.6132
867.323
1650.69
3003.37
3192.97
3827.61
3795.84
3607.52
4078
170.915
1210.37
809.084
2478.41
174.054
3591.96
2555.05
2166.14
1697.33
1333.51
117.589
871.322
2911.93
216.599
1459.4
1651.37
1713.01
2459.55
2936.69
3461.19
1005.33
856.746
366.906
3928.91
1864.78
1960.9
1817.72
336.547
626.931
3196.35
2599.62
3384.91
1834.47
976.058
3903.91
2733.11
3386.39
1016.43
1440.95
2774.95
1981.49
1140.02
3951.7
2553.46
2701.71
3808.94
355.706
121.955
127.652
3087.13
1865.73
41.1125
3116
207.794
305.85
2582.93
182.613
1233.31
672.996
4023.38
2052.78
3122.52
2628.37
3016.44
2424.44
2534.81
106.083
1542.94
72.6265
2658.71
1817.15
1986.35
972.022
2280.75
3112.71
2638.72
501.567
296.436
1743.64
192.12
2896.76
2863.98
2663.04
738.015
1224.55
2113.4
74.7886
3646.52
1206.92
486.044
1581.35
1821.79
525.564
4093.07
862.51
3858.29
2045.05
3247.43
517.422
1555.59
3195.34
1011.95
2193.76
2240.39
379.371
1537.87
2735.07
337.742
2570.25
1094.26
341.7
382.238
286.789
3115.11
403.491
1940.14
1619.33
2848.03
2307.33
476.938
3546.08
2095.29
235.925
2736.52
2586.42
578.879
2698.27
3382.27
931.769
255.638
1066
3882.01
2214.8
2155.82
3935.94
4003.47
357.778
2047.85
3013.86
3477.47
779.863
1116.81
3691.22
2523.54
1598.9
1793.91
1150.52
468.565
780.02
3055.42
2520.89
479.442
1942.27
377.24
592.468
3528.96
3826.75
854.548
1600.59
2815.78
1128.29
323.9
579.07
1438.8
1537.4
1842.4
2237.95
2858.38
2995.4
2060.15
1628.94
3690.99
3975.05
3792.01
719.4
2916.58
351.483
3500.78
1239.45
981.176
2366.07
2209.27
2175.29
3585.06
3730.54
2027.67
3813.7
2371.81
1990.67
2102.96
3506.55
949.599
3713.04
734.552
1398.62
3068.28
2085.42
4074.24
2378.97
1042.77
2757.33
1191.97
3368.36
304.215
3944.65
2746.06
2624.85
372.167
2592.19
1631.16
4062.73
3668.51
3162.33
151.867
1085.36
1287.95
4056.7
4010.2
4076.49
2827.19
1140.09
1683.3
3840.42
1122.67
2726.93
1441.6
4046.09
330.107
57.1825
1367.99
2869.17
2991.24
268.84
3885.31
2278.62
1413.43
896.949
170.571
2655.09
2890.11
3865.72
3971.75
3646.85
2726.8
1139.39
2698
1918.64
888.99
3996.29
86.8375
1289.78
4083.83
3336.02
736.703
2358.85
133.903
4039.02
3080.18
1306.23
42.5995
3497.78
3105.49
355.859
159.419
2512.99
2300.1
2568.55
3065.95
708.734
1791.47
2522.48
1582.24
1253.75
3416.62
1393.64
150.012
3019.2
2066.29
3439.59
1201.57
876.609
270.507
3516.85
3315.57
2208.82
822.185
3006.22
698.382
3469.89
2861.56
1248.69
1376.1
503.698
593.726
581.755
2681.48
864.175
2524.61
2083.66
1793.2
3340.09
2499.41
676.143
2178.21
3275.23
2462.99
3888.85
909.488
1771.64
3489.62
1584.92
2439.64
2794.49
610.149
3779.4
152.166
234.404
978.22
449.278
2116
1332.27
3562.36
377.939
434.438
498.405
387.601
2923
249.224
1561.58
1588.13
1265.18
2776.24
1055.98
3140.42
2597.53
31.1343
444.114
2284.32
1897.76
4065.28
832.216
1126.13
2958.21
3597.95
2727.85
2650.72
247.382
541.031
3719.42
1852
3123.79
3376.96
534.13
2795.86
2477.96
1901.49
3580.71
650.039
1819.28
3363.51
2777.18
3546.3
1597.52
664.865
1307.52
2013.05
3117.97
1842.83
3911.37
588.61
1832.62
2763.89
2830.91
1993.67
464.053
1528.34
2848.04
460.575
1998.02
59.7684
313.443
2116.34
3207.14
3717.27
3808.21
1779.48
3214.4
3303.64
3295.54
3709.11
166.33
2597.53
3697.4
3173.52
3388.17
3620.71
3397.68
1181.34
3367.26
312.794
3754.36
686.421
3879.15
2206.23
3271.12
190.925
2797.11
1730.72
3530.71
1423.44
1019.11
597.758
96.8102
2337.07
2357.91
405.622
2829.44
3743.32
3428.65
2011.41
2583.36
500.206
2058.9
887.447
2624.17
2217.65
2578.25
1303.84
1354.15
1492.76
1396.94
1389.29
4027.86
2527.47
3204.14
4090.82
2696.15
3317.91
625.462
3033.98
3240.88
2254.41
3958.92
2002.07
2088.08
918.593
3978.36
1759.16
1591.56
166.502
152.958
1361.68
2552.74
3981.47
3311.82
1036.65
740.307
2281.77
3996.61
2597.73
1463.92
3494.96
1716.96
1398.65
3888.73
1942.81
800.616
1560.52
1173.55
2891.64
2223.28
3367.42
3265.5
1179.32
4036.93
1043.56
260.089
3316.98
2302.58
2368.63
77.9553
4012.51
38.9326
3163.89
3811.55
1077.52
578.745
4051.63
1918.92
1789.1
982.102
1606.08
2475.88
248.845
2417.67
815.314
3723.89
1955.18
2007.35
748.85
3363.63
92.961
2847.6
2582.51
2039.64
3965.76
3855.04
3197.17
1991.06
2188.48
3012.92
4026.85
2522.5
776.319
82.9503
2567.55
1565.62
3877.32
2840.04
3779.48
4075.28
2057.11
1348.02
1262.02
675.427
489.171
1883.84
1739.44
3158.59
1341.95
2681.51
3601.25
1990.58
3490.31
3711.82
3296.38
3045.44
2597.54
46.4367
1303.39
761.282
2790.07
703.758
1341.98
2599.25
2917.09
81.2472
2970.91
2367.78
3701.58
3900.54
1766.36
890.518
1256.6
3669.55
521.646
2989.7
2428.96
2142.53
3528.88
1371.48
3868.84
1788.12
2833.46
173.019
1348.36
3479.62
1730.01
2315.77
3190.95
2428.6
3796.15
2465.76
2139.52
3344.13
640.859
2957.74
1601.89
1221.02
3574.89
2160.84
3130.54
2201.44
1997.17
789.237
1644.8
3495.42
2500.8
128.383
2234.6
3416.8
1371.09
3111.51
1960.51
2084.26
1895.2
3875.4
642.811
65.7727
3732.28
3889.16
1861.39
1008.26
3920.59
1934.21
3963.46
421.383
2596.01
3821.09
1744.04
2614.19
1074.69
3936.24
1938.1
2679.04
1627.91
1463.86
3141.56
393.024
128.107
3975.32
2687.12
3812.73
2331.68
2548.67
2026.3
2143.78
1280.63
2769.01
22.9921
1122.96
305.403
642.569
1218.89
722.428
835.255
1233.08
3836.23
1257.66
3410.36
379.806
2782.08
302.363
2863.29
1495.52
2612.42
1705.82
1501.2
813.82
2692.89
3380.94
3904.67
793.431
4045.93
1628.5
3067.61
2148.57
3251.04
2603.63
156.024
423.833
3967.17
3259.29
3263.02
2057.05
2243.06
1031.08
1083.63
907.152
2392.7
3015.63
3816.65
1680.41
181.967
2049.97
2634.57
2120.53
2866.51
1601.18
792.073
2297.94
1234.81
223.969
3634.85
3585.04
512.953
192.258
3898.44
2629.54
3677.38
820.934
587.75
3454.75
3932.53
1563.37
545.713
1857.86
2219.41
2206.16
1488.29
686.994
2932.81
631.654
932.377
3918.66
2639.05
3020.76
1797.34
417.627
3664.07
1788.38
954.183
3072.9
704.254
1974.63
763.634
3101.02
876.474
311.763
3728.54
2836.84
932.164
3260.8
1959.65
3045.78
3845.4
1550.29
2121.81
3548.01
1221.94
469.906
1094.69
3169.87
2407.06
910.544
4040.51
3752.88
2037.36
2162.53
1712.09
2985.69
2694.84
1276.7
4040.37
2964.72
1594.02
4020.34
2900.09
2849.78
3358.38
2320.52
254.8
2061.71
3032.97
2897.29
926.083
3516.59
2907.06
2275.79
86.2832
2152.39
2936.01
582.018
3327.18
2685.45
2350.82
1401.49
2619.07
337.936
1925.34
579.885
2692.69
1594.24
3884.11
3949.22
3486.03
1178.89
329.985
61.4816
2217.96
3206.87
244.315
3474.23
2606.47
3543.28
1938.96
1055.87
76.1888
120.284
2743.65
63.0232
357.405
3308.56
902.872
209.645
801.401
2582.15
1646
3724
2064.62
1791.89
2269.1
2137.33
1202.57
2150.24
2815.91
3343.09
2010.86
1314.3
422.53
2406.39
139.119
2472.15
3848.77
3741.29
3806.26
501.916
2064.85
2828.11
3976.12
3099.48
2167.94
3221.86
881.265
1455.66
394.038
974.878
2836.75
537.981
3412.02
2134.58
1687.5
2505.69
426.515
3864.33
2182.45
1948.47
2871.52
2130.03
1707.26
481.306
2629.59
3848.68
2811.91
3137.06
821.493
3815.6
326.868
3894.25
2432.21
2790.34
1227.24
619.554
1298.69
3414.82
1690.85
3436.54
3888.6
1464.64
3851.77
212.98
1253.35
2384.25
2513.92
3807.18
3696.42
2104.46
2478.12
3599.71
1436.27
3139.92
1287.16
2997.41
4002.02
3307.5
2484.73
142.403
504.291
2989.68
3659.26
1380.8
3326.57
785.661
975.917
1464.83
2709.17
3809.7
438.915
1224.1
1009.45
3298.06
1539.99
404.21
2495.59
2692.87
1706.81
2631.12
101.093
2822.02
3734.89
2694.16
2479.32
3683
181.301
220.765
3702.38
273.998
4089.72
3669.08
3683.96
2944.48
2350.49
2549.33
1215.9
2745.96
473.484
1235.72
2151.73
688.963
2357.59
777.485
775.312
3913.35
2443.36
681.251
757.467
3733.47
3345.19
2261.85
866.124
4066.96
274.117
739.965
545.633
2234.39
1357.47
2908.65
2229.31
1732.31
672.61
1886.49
231.752
647.534
3862.09
272.087
1589.11
4056.84
3372.68
329.862
2923.23
230.722
2546.63
615.56
3857.91
17.4645
3967.49
3412.92
2426.24
1856.4
3982.98
3495.3
1798.34
972.174
3446.36
1333.97
314.023
423.259
3188.14
2648.75
2089.52
662.099
440.51
952.01
1112.52
2529.36
3176.93
274.627
2150.57
413.765
1352.31
3650.4
1280.54
3041.3
398.794
4069.17
2238.69
1583.34
1343.74
1055.63
2040.92
2284.12
1953.84
1313.71
2858.16
1209.43
3156.25
1230.2
2130.22
2438.71
3179.04
2112.95
3013.63
3114.27
2446.6
2998.46
2796.11
1619.78
3045.94
1043.98
3408.01
1623.26
3219.66
2661
1588.16
982.581
748.456
2174.77
1892.56
3425.72
4072.34
2559.56
3362.16
2709.49
3648.27
2259.84
2350.12
1189.78
834.259
3375.7
1110.48
2004.73
1562.45
1720.98
145.557
1797.09
3089.29
3710.96
1308.61
3766.51
3280.23
3822.43
2706.3
2285.78
1754.69
2174.64
2501.03
2175.87
4047.98
1128.39
310.44
2153.32
269.269
4047.07
3125.62
1928.11
3936.18
3083.56
3283.47
2236.05
3574.59
2131.04
3468.81
2758.44
73.9084
3959.91
646.54
2089.21
3607.38
1411.76
4042.44
3357.84
3298.75
2305.3
3416.19
2877.44
2783.9
2404.37
4040.54
3839.8
437.423
1332.97
1207.39
1446.54
3214.21
3072.77
1704.9
1374.32
4081.8
1364.96
535.117
3730.78
593.72
56.6889
2686.05
2776.18
3341.46
678.427
4057.38
1885.46
3082.77
3528.05
885.599
828.456
2460.07
427.25
2869.29
2596.05
1530.65
530.572
1916.53
3907.34
3082.41
1955.85
1365.94
4007.62
666.308
565.895
3633.06
3569.33
3776.69
3350.17
3765.79
1442.06
2376.64
2811.82
2640.39
2138.55
3998.1
3146.43
3927.29
2362.37
2203.18
2014.22
3367.07
923.457
2646.73
2519.88
2768.75
2171.62
1365.32
890.575
1589.8
3031.73
954.952
3990.4
3909.69
1527.28
574.22
2974.23
2562.44
2143.16
2757.2
376
3595.17
686.445
2644.07
3050.95
2257.48
3000.91
890.421
765.5
857.749
2681.13
766.927
3.56428
1070.15
1036.78
2596.94
3553.24
1588.27
2113.64
2853.52
2081.99
2612.83
2911.45
189.576
3148.91
1680.78
3471.69
941.769
957.247
418.248
363.278
2810.08
641.943
2934.45
2328.96
1972.5
633.982
3113.15
2208.73
646.994
1652.5
1786.57
1226.09
3737.71
2129.87
867.787
366.296
1862.32
293.467
513.937
2788.07
1507.25
3297.84
3343.65
1180.07
1218.93
2261.81
2346.99
234.904
2570.52
2212.8
3440.31
2292.57
3779.6
567.518
420.566
2429.85
2981.4
2282.22
499.39
3202.67
2842.26
2485.73
480.183
1749.45
1675.15
1298.29
817.752
1836.91
146.134
3101.82
994.446
1020.26
1682.06
3033.84
2647.74
2179.17
1443.65
304.068
4033.57
2759.44
2950.51
100.176
526.924
3409.62
346.466
2313.25
2866.31
107.101
479.63
1936.88
357.711
4022.72
232.309
3400.14
412.07
2081.33
311.955
762.69
1510.13
2313.85
1743.87
2000.09
2583.78
2463.6
2989.21
3931.84
3647.96
161.627
3105.77
1504.02
63.3058
3659.69
3618.72
3854.89
2446.45
949.578
1221.8
2304.37
2245.07
2314.72
3919.15
1294.47
1251.86
2999.25
3755.62
4038.32
447.763
528.971
1274.15
1472.55
3343.24
2834.9
1696.81
3263.12
965.757
3837.29
2449.68
1491.39
1844.59
30.4072
338.312
3556.93
592.557
3353.08
1429.15
889.278
733.912
524.541
882.208
1295.03
621.481
1912.04
1899.44
809.851
261.219
3897.33
3009.86
925.456
1947.81
1908.53
1791.5
2117.57
1396.44
2325.44
1044.23
1834.45
1605.13
3189.46
1812.11
310.079
484.541
1569.5
3828.62
2152.97
3979.04
288.289
2478.22
2465.9
2306.64
1614.33
1547.23
245.08
1918.54
3386.86
3618.76
927.248
3528.4
1665.97
2916.79
1236.06
1706.46
858.591
2589.11
4052.7
4059.13
1808.91
2035.2
2708.72
2073.6
3141.99
2346.02
2103.47
3395.83
171.086
1649.44
3418.22
2072.22
3942.7
2118.72
1657.87
147.369
2885.5
220.227
1763.39
3911.63
3309.46
3441.21
2342.93
3588.49
1681.55
1789.55
2827.75
1443.71
516.475
15.2938
2075.41
3080.95
3542.1
138.957
1076.84
3286.44
848.365
3375.19
248.044
3717.6
3447.89
425.096
2515.68
3847.13
2430.3
1246.17
1024.22
3896.09
2862.81
503.107
917.181
3825.62
1170.7
3660.66
663.652
3431.11
1256.48
3542.9
573.993
1098.68
325.658
1575.6
1509.66
3181.88
474.246
1775.88
2714
1420.95
1249.02
875.491
335.604
3737.58
361.164
2196.04
2265.01
3577.68
1923.51
2589.01
2727.1
1878.51
3826.15
695.657
1000.35
2875.04
247.932
2452.07
3135.05
1643.67
2952.36
2246.23
3303.07
599.574
3491.17
1217.68
51.7516
1775.3
2931.2
3603.53
2686.5
2295.35
434.753
2162.79
161.313
267.74
2974.86
1948.27
1051.09
2293.55
2790.96
1934.83
1084.52
2226.7
1535.13
1301.43
1766.11
607.414
1531.03
4050.04
470.518
3981.04
583.448
30.6068
2290.77
2093.56
687.415
3524.95
91.8132
2118.85
2402.01
390.962
628.845
2133.89
311.615
2642.29
2814.73
4059.52
1259.28
313.797
2454.26
1597.91
3453.73
103.441
1178.47
3338.58
2056.33
2805.46
2780.7
3747.38
3070.4
425.628
1333.04
3369.65
1087.93
2574.34
1990.7
2533.33
3562.57
775.904
846.475
4090.22
673.174
1621.95
58.6677
721.029
2370.77
3059.27
4042.41
1893.67
2408.61
2070.41
2184.71
1900.02
1354.87
3.03225
2365.01
2847.86
342.572
1012.11
3513.38
2785.6
4010.1
118.989
2551.85
2249.79
2553.64
2614.71
3733.04
1121.26
1862.63
682.759
675.132
2456.2
1314.06
608.357
1422.38
3497.36
2004.72
3241.52
600.244
1309.81
3574.74
1491.74
815.065
3266.98
3545.26
1723.39
2144.8
2772.25
3518.66
714.79
3859.29
748.304
2336.53
2544.71
3595.71
19.7365
2384.95
1902.96
2696
2871.02
3689.54
452.547
2088.62
1538.85
1333.88
2294.69
1289.81
955.309
1887.62
3230.74
2032.56
2071.78
491.087
987.297
3865.85
698.393
2693.48
3526.95
1800.15
1226.25
2358.66
1557.67
940.809
1035.79
928.24
3690.66
1905.77
1576.51
864.629
2287.19
1027.6
3898.31
246.977
1750.59
3465.06
2141.67
2314.25
573.167
3331.74
2158.91
2501.48
1047.36
1727.14
34.9154
1866.25
3148.67
1434.79
2714.88
1272.95
1252.81
2820.88
2845.07
2561.75
2917.43
1351.36
3578.41
892.093
3535.97
1261.56
1599.98
2302.79
2913.36
2655.74
1386.89
431.963
2381.28
1062.12
2615.4
374.789
2408.44
3963.26
3340.22
3440.02
1790.07
1861.62
1076.89
2767.18
225.162
1243.76
1417.43
2797.52
3422.33
2645.06
930.308
2894.35
3614.3
1994.51
1467.12
932.435
3450.73
81.2468
755.814
2107.63
3551.32
2513.13
2907.55
3918.77
1980.22
71.7395
549.908
3505.7
2640.83
2653.93
1811.46
3369.44
1166.39
2095.62
2487.34
1928.12
2153.06
3574.33
1310.67
3701.77
642.317
1498.92
4036.59
2278.95
1634.16
2791.03
2601.06
1885.88
295.28
165.346
3375.1
1929.14
103.331
839.767
1547.46
1393.69
590.588
3787.55
201.618
408.225
4079.74
1616.26
3023.56
3823.75
199.573
3973.91
437.589
550.279
1917.11
3095.86
2927.26
703.932
1032.99
2329.37
2724
1359.02
285.286
469.057
2765.79
2246.22
1737.97
3610.01
321.2
3228.66
3607.96
3290.8
1474.63
35.2724
101.389
1950.06
3891.46
921.986
903.656
1281.16
68.3465
2307.9
115.575
1553.44
224.146
1717.27
2945.28
1036.75
2762.08
2536.88
3958.22
1209.44
1424.81
280.775
2791.75
2630.42
4026.95
752.456
1506.64
229.817
2749.51
1976.61
679.826
2528.68
607.098
3656.05
2958.18
1023.85
1830.6
2556.44
2408.37
157.356
1051.27
545.171
1475.52
1352.97
3934.91
1340.59
3421.1
3647.04
2363
2155.88
3626.19
1265.42
2389.38
3761.14
510.571
3669.68
2122.05
463.68
3184.02
4068.56
931.122
3512.25
1794.28
824.48
3481.47
429.831
2990.61
305.333
558.26
2420.05
3409.32
2895.79
1890.46
3106.3
3713.14
1252.92
526.702
2505.79
3340.71
1705.89
3250.81
392.212
3812.6
568.606
2348.85
3525.33
4012.38
76.0554
100.813
1812.53
1704.68
1010.76
2245.9
1219.88
3373.49
2937.7
630.173
2416.45
3112.44
3668.43
433.305
434.19
2124.64
3478.27
3504.83
3881.09
1956.95
2989.56
1824.76
2544.57
807.811
1025.98
1298.8
1607.97
3068.98
1220.52
537.636
3034.73
1581.58
836.784
972.347
488.122
3941.9
797.256
3415.53
1067.52
2274.67
712.331
1869.35
2887.2
2320.28
598.549
180.899
2911.17
1073.76
2584.58
1730.75
2835.27
519.675
2443.78
3144.27
1732.33
2748.57
2179.95
2963.27
855.985
3998.62
1327.69
295.743
1186.94
2825.43
743.733
4039.63
2952.31
3524.75
3198.92
3013.27
3045.43
1244.53
4084.44
246.075
2639.6
761.933
344.081
2413.44
515.042
2647.23
165.009
976.309
2243.21
1033.99
486.789
3211.62
1550.02
218.111
697.224
511.88
3757.3
3901.85
1471.26
797.006
1461.19
2690.99
1117.49
2348.88
3296.61
1360.15
586.354
3970.86
1416.62
1698.82
953.177
3631.39
1433.65
721.042
2206.89
1108.92
19.4863
2422.51
2794.06
1495.21
3197.7
488.307
2602.55
14.3954
1986.25
3195.81
357.674
2243.86
3036.77
3279.17
3531.42
369.766
2595.09
3395.37
191.402
1210.15
3240.67
1989.17
2739.37
832.312
372.156
20.3275
2460.73
1667.15
2098.39
2575.52
1255.74
245.166
2380.09
1371.33
111.079
2819.06
2653.22
1203.25
1930.78
1180.5
2626.27
3553.3
155.84
896.052
3065.71
473.84
2221.22
1561.61
3398.04
3971.03
241.236
1535.24
1862.72
3700.84
514.778
3679.05
2420.83
417.841
3461.78
1982.33
2373.52
241.969
3763.26
2970.1
2880.65
1347.45
2279.36
405.489
3266.71
812.697
3612.07
4074.47
123.301
334.063
1639.39
2631.06
3803.76
2123.46
802.916
3867.7
1584.79
1505.5
3223.71
3802.38
3321.32
2989.21
3617.08
3516.25
1332
677.021
2820.41
2706.65
3583.46
896.927
2075.6
35.0506
3274.81
2619.4
880.951
239.201
1089.34
1657.01
2095.83
1290.98
1431.73
2709.57
3590.03
912.438
308.64
3127.16
3470.18
365.589
2282.31
682.071
1258.08
676.327
3848.2
2780.49
2010.45
2837.96
2352.29
1094.11
1204.33
3798.61
1623.27
3388.88
781.382
814.349
2111.64
963.537
2602.98
3973.93
1143.04
3266.23
2142.85
3952.09
973.195
2362.61
118.653
634.779
1741.35
3234.22
3254.88
3440.35
828.998
1258.78
1541.19
1930.64
1456.44
2152.03
2304.77
1096.1
2539.68
3642.32
929.529
205.727
2909.2
3076.5
2307.42
555.778
4000.93
2120.5
1527.46
2675.27
1108.9
2970.05
2714.24
2280.63
365.028
2203.75
23.5815
1050.72
3070.37
1923.9
3655.32
2280.85
3695.47
1536.88
714.818
3984.36
311.072
57.3963
2189.16
2660.25
3520.53
327.336
4060.55
764.273
2396.77
2057.75
3464.08
834.148
956.843
1574.83
3184.97
967.366
877.088
669.425
3827.93
3558.51
287.87
3894.02
1331.16
2818.3
2248.88
307.683
1247.95
2161.6
2612.44
108.293
1461.34
3943.22
2990.21
854.572
2087.53
3476.8
2716.7
318.086
760.609
654.351
1740.6
1617.81
168.785
2157.47
2141.04
2411.55
1981.34
1626.03
3362.88
783.653
3643.26
2116.2
1187.13
2031.24
1100.15
1541.72
3166.5
1756.79
1388.74
3458.44
1275.93
2364.59
3163.2
820.714
1562.27
1709.81
1154.56
2872.02
2702.42
676.96
3768.32
251.324
1520.54
2054.16
2738.22
1003.43
3140.32
1777.15
1090.81
1157.59
208.781
3943.5
3456.11
1105.37
1963.69
1045.15
2795.31
2872.88
3727.14
1269.41
1567.88
3819.21
850.344
3312.25
495.16
3606.93
3402.81
3174.9
40.2856
109.746
2982.59
1012.62
179.72
2255.43
1460.8
2203.05
3257.21
489.611
292.561
3788.73
2969.84
1094.27
145.428
1490.09
3789.53
3904.89
1577.67
717.305
717.903
2322.95
656.546
484.291
3922.87
1079.62
2136.22
281.833
3421.72
400.39
3681.14
203.112
552.561
2754.93
741.213
928.055
3250.18
366.283
993.276
2889.6
1036.88
627.719
3469.94
387.751
4037.85
2493.98
2858.01
2635.26
728.282
2747.65
1579.8
3737.38
1397.04
1605.4
789.316
32.8845
3335.89
2800.64
3751.83
609.18
232.75
1368.82
1846.43
3482.26
2462.29
3540.44
2898.24
998.222
598.498
3495.43
2067.98
878.215
4047.11
2615.5
1559.71
1350.14
1061.96
3914.08
2851.56
3728.03
3433.9
3678.38
1404.52
2036.25
3220.73
1970.42
2009.01
2216.82
3704.84
332.756
1757.59
2901.14
2182.6
2695.85
512.258
2664.95
1763.17
1261.37
3903.35
2229.86
4004.09
1983.47
753.729
3154.04
406.663
1593.41
2161.94
2163.83
1871.91
937.867
1843.01
2841.77
484.24
2908.27
3940.14
933.439
1709.92
482.678
1158.95
3834.73
3508.76
191.442
3016.58
392.199
1942.26
2180.32
3846.47
3488.68
3605.51
447.727
2069.8
3786.47
1643.42
1149.57
1573.34
2086.37
1303.72
3584.16
2768.35
486.632
1121.2
2434.46
2095.87
3477.05
3020.59
1321.6
1670.51
317.002
3780.58
198.796
3776.36
2810.37
2665.01
1996.17
1860.18
2379.07
1622.12
2802.31
2568.14
3094.67
3300.49
1034.53
660.545
1400.12
883.204
2888.05
2496.07
1186.6
2470.35
578.381
1938.32
2555.11
2251.27
1258.92
4076.27
2547.19
2354.93
221.484
638.604
1190.79
2175.46
3324.15
1591.24
260.731
4061.41
2194.03
2913.96
779.175
850.21
3514.63
3819.3
2121.32
2910.8
3248.73
3549.91
2909.66
1310.66
559.894
410.264
3122.14
149.369
2998.29
894.671
3589.55
3351.44
474.497
2714.48
2206.52
1222.17
1149.4
3723.66
206.96
3370.86
1770.53
822.401
189.036
2459.31
3999.45
3863.63
250.102
991.605
2399.59
3648.83
3875.7
123.992
2135.44
3206.15
989.947
2672.66
911.171
2744.78
1651.57
429.516
884.288
2981.91
3747.64
2042.61
2152.98
1781.67
634.064
4026.84
2725.32
2660.67
1714.76
628.084
143.626
3853.33
2130.39
1384.73
482.442
4069.14
408.204
3374.36
940.204
1523.37
3753.74
219.779
4078.31
1125.59
1281.86
3337.79
1694.08
2163.9
3610.8
1432.5
2299.51
3930.06
739.344
1480.68
2659.18
248.827
860.166
1226.26
2613.68
1365.1
2972.68
2810.57
1810.59
1564.99
3758.45
758.774
2786.52
681.757
3666.67
1000.45
2396.34
753.293
2726.14
1025.53
4039.45
3465.68
1646.87
2147.11
2495.49
1567.81
2972.63
3577.5
2.26304
3259.45
3048.97
1586.9
2302.26
2303.52
2418.09
1771.5
3144.79
3022.19
3948.95
1887.43
81.4962
3978.26
3770.2
2342.79
1169.84
1327.62
2636.46
928.478
2326.57
1932.52
3903.12
676.325
216.771
3249.87
2503.56
371.546
3533.81
2258.79
1350.38
271.716
2637.42
775.17
1587.01
144.152
324.262
2968.92
3241.59
3188
1186.25
1039.35
1777.55
3653
2188.36
2451.94
1582.79
3205.64
2808.49
229.204
1008.68
1272.91
3648.11
2922.47
1038.46
2848.61
189.239
1838.47
16.9583
1217.69
3631.05
2892.08
3160.86
1091.29
3403.26
2629.46
3121.91
2896.41
1767.45
2953.23
2418.4
1897
1335.96
1171.67
1916.37
94.6603
2870.91
1435.13
199.61
3039.7
1702.91
2641.49
2216.16
3383.96
1590.85
3719.15
2172.51
3739.52
1938.36
3007.56
2176.98
1129.63
264.799
433.069
2912.53
9.70516
1888.54
354.467
1202.11
2700.72
1558.11
1566.85
2617.34
2840.83
3633.85
981.564
1938.15
2779.7
1696.63
2661.73
4056.07
3994.34
1336.45
1624.14
504.318
1834.89
781.909
848.159
484.473
2018.11
1173.79
3442.59
3237.02
1641.44
544.262
1322.58
2139.02
1969.87
1388.27
699.213
2307.69
333.809
1903.58
1801.21
2171.25
3558.02
211.63
1520.42
2293.08
838.77
2351.68
3307.31
372.951
1367.53
3123.99
998.734
730.619
3997.89
385.701
1787.43
790.245
3976.44
2344.95
3627.04
325.281
2263.22
2296.09
2166.88
2247.87
2884.27
2802.8
3861.69
2201.04
1283.68
1346.54
389.202
2652.39
157.642
2235.48
2292.5
1048.05
2217.81
1175.25
1017.3
2151.31
510.386
2817.72
2002.25
1404.62
800.562
327.525
109.819
3592.97
3191.67
1823.43
1444.56
3437.28
2129.38
1654.19
3826.2
3550.48
1320.92
3223.95
2582.5
2635.78
3142.15
295.831
2411.89
2688.41
2263.75
541.031
95.6707
3582.86
3085.61
2939.62
1590.19
1173.45
2794.54
2129.48
1683.53
3918.93
2703.71
155.303
816.097
2379.81
3335.88
1652.5
323.71
3503.69
835.557
114.628
3597.44
356.197
3388.89
1250.36
1975.54
300.296
2680.79
2562.68
1062.55
1764.53
4064.54
3417.86
1148.65
1627.58
2282.95
33.8581
2001.8
3836.01
1169.6
452.486
1400.87
454.709
421.098
1537.72
2294.6
915.089
3067.73
3416.86
2029.67
1022.36
1952.56
87.0239
2735.53
263.227
1908.57
2190.32
157.406
2813.87
3065.45
2145.67
2429.41
1597.21
3915.16
3078.34
2092.75
2739.71
2824.17
3256.89
557.834
2967.55
466.842
1123.01
3039.52
447.562
3044.07
3411.54
1880.52
136.751
2925.76
839.398
3531.6
2745.5
3006.17
2056.47
3948.77
88.6069
987.899
3941.86
2668.54
367.699
3134.29
325.122
3052
160.944
3527.36
739.839
3215.91
356.79
872.745
2734.35
2293.28
1502.24
2698.7
3322.5
295.915
2910.47
1284.5
3204.52
920.879
2909.94
3225.71
1731.35
1831.28
1868.53
3637.68
122.916
4062.46
695.773
1612.71
2765.72
2867.2
2299.71
3095.29
1453.24
1895.35
947.164
988.948
2270.81
177.506
1212.07
444.96
897.342
2926.52
903.787
2316.29
1741.06
3731.8
2787.4
1017.59
1240.83
2834.68
2884.02
1400.68
3930.45
3915.66
178.968
1202.52
2109.93
224.945
413.749
3914.04
1037.78
748.475
817.322
3111.44
190.063
2447.12
1918.09
1552.83
1419.31
614.378
712.779
405.783
3397.77
557.065
675.215
2472.05
2362.65
2731.88
3718.92
528.53
2415.91
4070.33
2769.26
261.401
2843.26
2234.04
316.908
3663.56
1590
27.4986
1608.34
481.169
2086.08
701.783
1364.18
437.581
2440.35
275.956
2743.46
3337.59
5.43731
784.476
3184.3
2306.98
3451.24
2378.79
747.106
941.867
1290.8
3164.34
2683.19
2412.44
2522.63
3189.16
2058.35
3268.94
1637.55
3493
2535.03
2756.86
1705.58
3252.56
2345.48
739.324
23.0008
3588.24
3253.52
1462.8
3432.12
13.5594
3985.97
2292.26
739.937
272.575
391.406
2059.9
3549
3923.39
1279.77
990.486
3498.28
233.769
1373.12
938.287
2648.88
905.484
3271.4
2253.9
3862.14
3561.83
665.897
2903.69
1553.6
295.948
3246.08
2261.37
1488.45
24.9394
1746.81
1630.93
2538.93
2318.15
3992.48
2888.49
2801.05
3222.95
3708.5
352.448
3422.82
3788.02
3399.63
1953.48
225.55
2041.72
489.322
3519.59
1060.88
1422.43
902.446
1241.4
480.789
3982.17
927.483
3061.74
856.336
3807.05
1290.79
2327.65
4042.06
2334.45
1225.1
3378.04
2735.79
275.103
557.544
2666.25
74.9924
3449.14
1830.62
3298.53
2236.26
2831.19
959.346
1262.34
519.993
4017.15
1708.23
642.42
1974.86
2274.5
1731.85
326.397
1247.99
628.963
350.318
2347.28
2728.42
3725.7
2405.84
3312.57
2361.57
125.78
1532.84
530.051
2050.18
2531.41
2517.35
91.3179
958.235
3972.37
2342.95
3927.22
63.8016
3963.16
1834.4
4027.86
3967.13
1161.29
894.364
3022.73
1320.53
3141.18
3277.02
3478.57
3948.04
2573.69
3725.62
3999.4
90.1156
3974.36
3337.97
595.626
1998.51
1803.86
3405.42
2167.39
4026.74
316.178
372.001
739.216
242.909
893.195
2223.59
1434.42
3991.51
1493.03
3992.72
1677.71
3133.82
74.7718
521.154
2195.25
1950.66
1993.12
932.107
1643.28
872.201
3455.7
2640.13
563.696
91.4358
3165.77
555.412
1335.95
3702.36
526.854
423.178
1760.47
3981.88
2646.21
1588.57
1092.7
3195.47
3544.17
2244.17
2912.41
3228.54
122.589
2490.96
429.608
2036.6
2296.39
3878.65
2835.32
1041.23
77.6419
2061.98
1378.97
2141.9
1407.65
1989.5
3587.25
3893.78
3122.39
3331.07
1922.3
1601.95
2463.78
2164.6
2480.96
3352.84
1318.83
4090.39
1210.71
2095.72
800.301
3250.97
4071.18
2636.56
657.737
794.909
846.6
827.454
680.055
3248.98
1819.35
2777.39
1867.08
1201.63
1067.89
141.592
3211.62
1314.85
3777.66
269.083
1734.4
2925.78
3460.58
3153.24
3557.76
674.122
799.571
3515.02
1788.66
903.954
2404.2
3569.71
51.0053
828.882
714.207
4060.79
2474.86
2551.13
281.318
